1|1|Shampoo|166.41|9.32|0|1.77|2|143|1
2|1|Cepillo|369.19|3.57|1|0.55|3|57|1
3|1|Pasta dental|395.64|5.19|0|3.03|3|39|1
4|1|Desodorante|481.10|1.60|0|0.33|2|62|1
5|1|Toallitas|325.05|5.53|0|3.90|2|69|1
6|1|Gel|81.68|3.62|0|4.87|3|128|1
7|1|Crema|151.42|6.46|1|2.06|2|31|1
8|1|Jabón líquido|325.58|3.44|0|1.05|3|70|1
9|1|Acondicionador|132.89|6.72|0|1.27|3|50|1
10|1|Rasuradora|251.69|7.46|0|0.97|3|124|1
11|2|Pelota|251.61|4.41|0|0.49|2|118|1
12|2|Rompecabezas|462.70|0.44|1|2.14|2|45|1
13|2|Carrito|327.50|8.71|0|0.59|3|120|1
14|2|Muñeca|114.31|8.03|1|0.64|3|118|1
15|2|Bloques|463.79|4.91|1|3.37|2|26|1
16|2|Yoyo|112.72|2.15|1|3.97|3|84|1
17|2|Lego|424.79|7.12|1|2.18|3|30|1
18|2|Dinosaurio|221.38|2.62|0|2.88|2|135|1
19|2|Robot|373.02|1.18|1|3.83|3|103|1
20|2|Pistola de agua|55.22|8.42|1|2.74|3|123|1
21|3|Audífonos|475.79|0.32|0|3.29|3|82|1
22|3|Mouse|211.21|8.74|0|2.86|2|114|1
23|3|Teclado|347.79|6.02|1|1.88|2|41|1
24|3|Cargador|224.82|7.56|0|3.39|3|85|1
25|3|Cable USB|85.97|4.33|0|2.67|3|25|1
26|3|Bocina|151.02|0.41|0|4.48|3|58|1
27|3|Tablet|214.30|0.24|1|0.84|3|31|1
28|3|Smartwatch|53.49|8.90|0|0.13|2|99|1
29|3|Powerbank|291.93|8.37|1|0.96|3|80|1
30|3|Webcam|491.41|8.83|0|1.50|2|75|1
31|4|Sartén|351.81|2.04|1|3.87|2|89|1
32|4|Taza|173.06|6.85|1|0.90|2|50|1
33|4|Cuchillo|342.76|2.38|0|0.18|2|68|1
34|4|Plato|296.20|8.51|0|2.41|3|120|1
35|4|Cucharón|35.62|1.63|0|4.06|2|136|1
36|4|Horno|48.35|6.47|0|2.00|2|24|1
37|4|Tostadora|197.13|8.56|1|1.53|3|74|1
38|4|Batidora|289.04|8.60|0|3.93|2|92|1
39|4|Tabla de picar|319.97|3.73|1|1.82|3|66|1
40|4|Olla a presión|472.46|1.34|1|4.94|2|37|1
41|5|Croquetas|30.70|7.07|0|3.30|2|40|1
42|5|Collar|301.46|7.73|0|2.50|3|58|1
43|5|Juguete|270.09|1.34|1|1.24|3|132|1
44|5|Shampoo|179.02|3.22|0|3.35|3|46|1
45|5|Cepillo|158.28|9.56|0|2.58|2|97|1
46|5|Cama|43.51|2.27|0|3.78|2|109|1
47|5|Arenero|198.34|0.27|1|0.72|3|125|1
48|5|Rascador|255.20|4.68|0|2.51|3|93|1
49|5|Transportadora|158.79|7.91|1|4.15|2|80|1
50|5|Plato doble|303.22|1.26|1|3.65|2|86|1
51|6|Cuaderno|439.65|6.69|0|3.06|3|55|1
52|6|Lápiz|236.71|6.10|1|3.80|3|53|1
53|6|Borrador|146.29|2.79|0|0.50|2|24|1
54|6|Regla|393.17|9.75|0|0.26|2|26|1
55|6|Tijeras|139.16|3.44|0|0.38|2|107|1
56|6|Folder|201.36|9.15|0|1.32|3|46|1
57|6|Marcador|245.29|7.00|0|3.91|3|38|1
58|6|Grapadora|345.51|2.31|1|3.45|2|41|1
59|6|Resaltador|108.06|5.08|1|0.77|3|23|1
60|6|Post-its|442.27|8.95|0|2.12|3|27|1
61|7|Balón|164.40|1.85|1|0.82|3|68|1
62|7|Raqueta|339.93|3.32|1|0.18|2|45|1
63|7|Guantes|69.79|7.52|1|1.21|2|72|1
64|7|Casco|203.01|2.03|1|4.38|3|44|1
65|7|Bicicleta|235.32|8.42|1|4.23|3|106|1
66|7|Pesas|162.56|7.09|1|1.02|2|49|1
67|7|Cuerda|299.55|4.09|0|1.11|3|98|1
68|7|Mochila deportiva|342.58|7.82|1|4.96|3|102|1
69|7|Gorra|480.30|2.92|0|0.69|3|142|1
70|7|Termo|159.36|9.80|1|0.59|3|57|1
71|8|Desarmador|239.91|4.28|1|0.83|3|77|1
72|8|Llave inglesa|218.05|6.01|1|1.44|3|137|1
73|8|Cinta métrica|461.67|7.24|0|2.94|2|23|1
74|8|Taladro|415.43|3.54|1|4.06|3|102|1
75|8|Sierra|236.89|8.21|1|1.32|3|73|1
76|8|Nivel|337.77|9.37|1|1.39|3|95|1
77|8|Pinzas|346.66|7.04|1|0.21|2|104|1
78|8|Brocas|280.05|4.46|1|1.67|2|86|1
79|8|Martillo goma|45.69|1.88|0|3.83|3|149|1
80|8|Caja herramientas|272.65|9.76|0|4.18|2|111|1
81|9|Almohada|271.77|7.64|1|3.34|3|113|1
82|9|Escoba|435.52|8.59|0|2.28|2|132|1
83|9|Toalla|49.11|5.10|0|2.98|2|118|1
84|9|Tendedero|288.32|4.85|1|1.94|3|86|1
85|9|Organizador|115.68|6.82|1|2.65|2|84|1
86|9|Perchero|159.87|9.86|0|3.65|3|23|1
87|9|Ventilador|178.61|1.97|1|4.29|2|69|1
88|9|Reloj pared|486.58|5.58|1|1.65|3|61|1
89|9|Maceta|454.72|5.78|1|0.53|3|77|1
90|9|Lámpara|206.70|1.18|0|1.98|3|79|1
91|10|Cloro|423.95|0.52|1|2.22|3|91|1
92|10|Desinfectante|346.24|8.21|1|3.32|2|42|1
93|10|Limpiador multiusos|447.23|9.81|0|4.99|3|69|1
94|10|Jabón para trastes|258.04|8.96|1|3.67|3|36|1
95|10|Trapeador|369.84|4.92|1|2.12|3|91|1
96|10|Guantes|119.16|8.06|0|1.77|3|55|1
97|10|Esponja|146.20|4.57|0|1.61|2|104|1
98|10|Limpiavidrios|241.06|2.93|1|0.82|2|82|1
99|10|Suavizante|79.64|4.34|0|3.39|2|121|1
100|10|Detergente|214.02|6.02|0|0.62|2|89|1
